693
410
247
798
616
666
384
740
986
533
980
89
841
212
168
909
922
205
677
644
298
421
249
885
42
96
366
874
640
670
156
984
351
85
25
360
663
957
702
871
570
332
960
174
196
923
949
880
128
812
203
591
351
885
868
749
484
300
672
838
948
937
144
455
729
3
958
770
996
435
901
275
186
661
450
787
328
881
821
65
701
873
119
534
581
247
293
430
308
925
968
782
666
746
391
460
222
475
944
453
425
374
817
210
52
395
189
368
377
262
303
795
43
186
303
651
553
971
290
216
914
128
211
858
513
349
529
751
365
222
49
674
470
123
398
107
15
594
764
319
936
760
872
499
228
491
960
713
787
178
628
496
237
598
181
582
639
814
359
809
708
5
515
399
391
201
397
881
230
221
421
95
296
912
874
459
410
466
528
227
567
329
970
991
746
977
746
161
930
749
573
822
768
821
360
325
982
706
719
513
111
63
90
475
66
328
630
285
995
94
376
297
982
837
206
318
602
800
355
674
977
297
337
124
821
118
532
399
821
378
118
650
571
836
484
581
314
988
365
515
867
480
314
350
488
916
679
38
833
143
344
390
154
529
969
764
788
837
378
118
858
776
251
773
668
554
388
892
274
94
824
287
819
81
897
603
554
46
466
730
33
572
329
813
119
869
979
118
747
114
890
371
996
826
36
797
35
407
18
769
498
860
702
820
711
243
927
34
117
220
198
24
365
4
437
830
17
917
213
305
166
828
772
364
687
836
69
844
693
34
446
773
412
84
372
8
962
220
911
50
714
861
310
784
401
983
367
991
823
499
890
453
360
628
201
830
825
663
75
406
615
882
529
635
668
127
646
468
525
103
995
882
728
109
244
326
48
481
992
592
96
559
965
256
884
975
431
417
680
523
700
884
12
419
676
588
904
717
496
999
965
788
965
951
286
797
964
855
118
742
854
509
77
379
925
231
668
902
1000
480
150
552
429
891
629
307
933
598
12
25
603
938
694
215
863
918
910
545
186
300
307
922
365
702
213
892
164
535
355
963
69
225
594
342
474
128
910
949
81
965
966
738
334
708
181
67
817
658
357
664
337
379
742
629
221
158
493
188
637
737
490
447
962
628
182
186
267
836
33
575
138
350
661
119
225
429
486
158
178
218
310
683
731
495
237
889
799
785
69
19
342
891
792
780
765
534
313
216
987
865
188
382
325
213
551
246
667
489
360
133
253
37
655
289
110
254
132
681
494
363
168
343
598
891
266
431
178
758
156
633
803
849
708
228
945
875
612
12
434
344
227
668
169
567
316
114
846
123
669
637
108
980
802
248
39
346
736
759
240
207
233
684
67
42
232
173
208
70
600
823
986
802
434
551
88
263
265
700
99
791
538
898
375
345
854
149
738
271
930
611
987
753
680
722
431
701
715
8
480
615
126
917
602
816
442
479
643
38
186
453
386
347
236
316
923
262
124
725
985
549
31
730
41
974
683
158
729
704
91
873
630
932
870
409
966
888
147
725
363
488
747
453
575
374
856
304
368
602
32
434
722
89
562
780
137
671
81
534
613
467
148
661
737
19
562
103
6
937
781
377
374
670
697
983
103
863
863
563
597
832
994
769
495
657
2
621
5
158
409
590
138
132
151
679
928
378
91
228
723
581
797
142
628
867
624
571
144
470
959
575
372
323
329
356
852
437
29
645
1000
702
596
543
240
91
182
169
60
802
850
81
4
68
122
236
859
450
38
474
169
592
574
993
849
983
18
112
675
590
464
919
5
193
256
958
575
596
415
572
427
738
195
189
577
558
481
1
679
985
201
679
601
112
242
954
3
440
933
819
70
415
386
126
44
276
898
797
177
823
366
993
577
795
4
302
897
533
846
697
95
410
901
560
516
817
275
74
98
248
871
646
463
117
410
320
320
992
125
143
975
86
631
651
994
594
924
316
136
983
815
206
517
155
24
736
372
943
110
294
710
333
753
971
402
682
91
320
809
737
378
264
568
473
1
316
116
511
497
542
251
793
203
257
683
306
821
973
931
378
279
268
912
682
589
656
118
664
156
969
383
528
978
403
872
8
462
669
261
47
479
589
438
166
820
94
408
947
183
232
179
293
661
489
558
886
553
829
838
124
884
55
617
305
744
898
917
480
571
923
585
996
432
456
1000
777
538
652
356
850
737
928
723
112
346
138
73
78
355
988
531
450
586
508
62
641
318
531
993
837
597
925
92
847
552
298
122
13
619
814
348
397
311
882
258
602
227
900
879
982
800
89
158
990
754
1000
248
653
8
308
250
997